\begin{tabular}{lrrrrrr}
\toprule
{} &      y &  arxiv\_totals &  arxiv\_entropy &  cb\_totals &  cb\_entropy &  is\_china \\
\midrule
y             &  1.000 &         0.516 &          0.413 &      0.374 &       0.314 &     0.111 \\
arxiv\_totals  &  0.516 &         1.000 &          0.852 &      0.627 &       0.631 &     0.030 \\
arxiv\_entropy &  0.413 &         0.852 &          1.000 &      0.557 &       0.571 &     0.042 \\
cb\_totals     &  0.374 &         0.627 &          0.557 &      1.000 &       0.942 &     0.021 \\
cb\_entropy    &  0.314 &         0.631 &          0.571 &      0.942 &       1.000 &    -0.018 \\
is\_china      &  0.111 &         0.030 &          0.042 &      0.021 &      -0.018 &     1.000 \\
\bottomrule
\end{tabular}
